1.230310153961181641e+01
1.191242218017578125e+01
1.151710319519042969e+01
1.228220176696777344e+01
8.718366622924804688e+00
1.202475547790527344e+01
1.615416145324707031e+01
1.533073997497558594e+01
1.290743923187255859e+01
1.060471534729003906e+01
1.144947338104248047e+01
1.105714416503906250e+01
1.086339569091796875e+01
1.067778301239013672e+01
7.282947063446044922e+00
7.383258342742919922e+00
1.312476158142089844e+01
1.150613307952880859e+01
1.109484672546386719e+01
1.418521499633789062e+01
1.322324752807617188e+01
1.116301345825195312e+01
6.491261005401611328e+00
5.623458385467529297e+00
8.931262969970703125e+00
8.347154617309570312e+00
1.176632499694824219e+01
1.027660751342773438e+01
8.185396194458007812e+00
1.159406375885009766e+01
8.539978981018066406e+00
6.616675376892089844e+00
5.510471820831298828e+00
5.959985256195068359e+00
6.783123016357421875e+00
7.778239727020263672e+00
7.618236064910888672e+00
8.250552177429199219e+00
4.067015075683593750e+01
5.175688171386718750e+01
5.165690612792968750e+01
5.167375564575195312e+01
4.963431167602539062e+01
5.838945007324218750e+01
5.165690612792968750e+01
1.041038513183593750e+01
1.232899475097656250e+01
1.106709671020507812e+01
1.192704391479492188e+01
6.895057201385498047e+00
