5.687596126030632249e+00
5.780874794366692271e+00
5.751799270145914633e+00
5.774815587214467527e+00
5.722825918661569311e+00
5.786492007542417326e+00
5.773885981577296711e+00
5.786492007542417326e+00
5.774815587214467527e+00
5.786492007542417326e+00
5.786492007542417326e+00
5.872564467469342908e+00
5.850919281841186148e+00
5.893236475748162562e+00
5.913251181741452811e+00
5.873743528144945714e+00
5.793311374192789742e+00
5.779625855475461371e+00
5.761472385210606006e+00
5.821235801082435657e+00
5.922617018311773229e+00
5.761191495888690284e+00
5.708363754719346872e+00
5.708363754719346872e+00
5.858862355811346845e+00
5.870098379476782924e+00
5.810234584687922421e+00
5.635110772942780066e+00
5.659923514585499582e+00
5.565670961788620197e+00
5.609466603850000510e+00
5.609466603850000510e+00
5.631996757853028335e+00
5.643983787734637936e+00
5.612610890669499142e+00
5.797708360733152766e+00
5.797708360733152766e+00
5.813306749023391617e+00
5.771237974797921666e+00
5.771237974797921666e+00
5.771237974797921666e+00
5.771237974797921666e+00
5.771237974797921666e+00
5.771237974797921666e+00
5.771237974797921666e+00
5.887254595996981088e+00
5.894073962647353504e+00
5.894073962647353504e+00
5.853119040604642720e+00
5.830649017670284984e+00
