6.389817159999808815e+00
6.389817159999808815e+00
6.389817159999808815e+00
6.389817159999808815e+00
6.389817159999808815e+00
6.389817159999808815e+00
6.389817159999808815e+00
6.389817159999808815e+00
6.389817159999808815e+00
6.389817159999808815e+00
6.389817159999808815e+00
6.389817159999808815e+00
6.389817159999808815e+00
6.389817159999808815e+00
6.389817161510611854e+00
6.389817160261046070e+00
6.389817159999808815e+00
6.389817159999809704e+00
6.389817159999810592e+00
6.389817159999808815e+00
6.389817159999808815e+00
6.389817159999812368e+00
6.389817214071772611e+00
6.389818177856893655e+00
6.389817327808761327e+00
6.389817309394704381e+00
6.389817159999808815e+00
6.389817159999808815e+00
6.389817160002042584e+00
6.389817159999808815e+00
6.389817159940234248e+00
6.389817141433613124e+00
6.389815034487878798e+00
6.389817121356339946e+00
6.389817159617456888e+00
6.389817157223355970e+00
6.389817156218017047e+00
6.389817159646596245e+00
6.389817159999808815e+00
6.389817159999808815e+00
6.389817159999808815e+00
6.389817159999808815e+00
6.389817159999808815e+00
6.389817159999808815e+00
6.389817159999808815e+00
6.389817159999808815e+00
6.389817159999808815e+00
6.389817159999808815e+00
6.389817159999808815e+00
6.389819125005598899e+00
